1.204521751403808594e+01 1.172000000000000064e+01
1.183973789215087891e+01 1.153999999999999915e+01
1.168807220458984375e+01 1.233999999999999986e+01
1.227906417846679688e+01 1.158999999999999986e+01
1.170962429046630859e+01 1.146000000000000085e+01
1.156215476989746094e+01 1.186999999999999922e+01
1.187351608276367188e+01 1.188000000000000078e+01
1.188357448577880859e+01 1.241000000000000014e+01
1.230182266235351562e+01 1.200999999999999979e+01
1.201235961914062500e+01 1.148000000000000043e+01
1.160063171386718750e+01 1.231000000000000050e+01
1.223122596740722656e+01 1.225000000000000000e+01
1.222799110412597656e+01 1.334999999999999964e+01
1.314364147186279297e+01 1.286999999999999922e+01
1.281571388244628906e+01 1.311999999999999922e+01
1.302958774566650391e+01 1.283000000000000007e+01
1.284480762481689453e+01 1.358999999999999986e+01
1.349325370788574219e+01 1.303999999999999915e+01
1.308509635925292969e+01 1.296000000000000085e+01
1.298998641967773438e+01 1.323000000000000043e+01
1.324727725982666016e+01 1.235999999999999943e+01
1.252828216552734375e+01 1.294999999999999929e+01
1.296105003356933594e+01 1.239000000000000057e+01
1.253032684326171875e+01 1.197000000000000064e+01
1.213989830017089844e+01 1.241999999999999993e+01
1.246716117858886719e+01 1.286999999999999922e+01
1.285507774353027344e+01 1.331000000000000050e+01
1.324221134185791016e+01 1.392999999999999972e+01
1.381526470184326172e+01 1.456000000000000050e+01
1.442486000061035156e+01 1.198000000000000043e+01
1.243954658508300781e+01 1.225000000000000000e+01
1.238204002380371094e+01 1.191000000000000014e+01
1.215318489074707031e+01 1.123000000000000043e+01
1.156073570251464844e+01 1.119999999999999929e+01
1.143572044372558594e+01 1.093999999999999950e+01
1.120880126953125000e+01 1.085999999999999943e+01
1.109143066406250000e+01 1.113000000000000078e+01
1.123598861694335938e+01 1.100000000000000000e+01
1.113131999969482422e+01 1.131000000000000050e+01
1.132645797729492188e+01 1.136999999999999922e+01
1.137843704223632812e+01 1.114000000000000057e+01
1.121508121490478516e+01 1.207000000000000028e+01
1.191657257080078125e+01 1.160999999999999943e+01
1.160326004028320312e+01 1.134999999999999964e+01
1.140160942077636719e+01 1.157000000000000028e+01
1.157609272003173828e+01 1.026999999999999957e+01
1.073838329315185547e+01 1.028999999999999915e+01
1.065467834472656250e+01 1.081000000000000050e+01
1.095649147033691406e+01 1.118999999999999950e+01
1.120096302032470703e+01 1.138000000000000078e+01
1.132172775268554688e+01 1.067999999999999972e+01
1.085916233062744141e+01 1.073000000000000043e+01
1.087230682373046875e+01 1.048000000000000043e+01
1.072144126892089844e+01 1.110999999999999943e+01
1.111191654205322266e+01 1.147000000000000064e+01
1.138475322723388672e+01 1.168999999999999950e+01
1.155304527282714844e+01 1.221000000000000085e+01
1.199412631988525391e+01 1.217999999999999972e+01
1.201970291137695312e+01 1.151999999999999957e+01
1.155112075805664062e+01 1.159999999999999964e+01
1.161140060424804688e+01 1.100999999999999979e+01
1.121064186096191406e+01 1.124000000000000021e+01
1.132116699218750000e+01 1.206000000000000050e+01
1.194132041931152344e+01 1.189000000000000057e+01
1.181881332397460938e+01 1.183999999999999986e+01
1.178400039672851562e+01 1.088000000000000078e+01
1.113626670837402344e+01 1.096000000000000085e+01
1.113032627105712891e+01 1.059999999999999964e+01
1.088914680480957031e+01 1.082000000000000028e+01
1.097673892974853516e+01 1.111999999999999922e+01
1.116786193847656250e+01 1.125000000000000000e+01
1.125307559967041016e+01 1.225999999999999979e+01
1.203300571441650391e+01 1.223000000000000043e+01
1.206172180175781250e+01 1.217999999999999972e+01
1.204827308654785156e+01 1.163000000000000078e+01
1.167223453521728516e+01 1.190000000000000036e+01
1.187185478210449219e+01 1.280000000000000071e+01
1.263066291809082031e+01 1.308000000000000007e+01
1.291337585449218750e+01 1.309999999999999964e+01
1.296350574493408203e+01 1.316999999999999993e+01
1.307580852508544922e+01 1.300000000000000000e+01
1.297734642028808594e+01 1.348000000000000043e+01
1.340869903564453125e+01 1.484999999999999964e+01
1.456797695159912109e+01 1.532000000000000028e+01
1.511762619018554688e+01 1.425000000000000000e+01
1.429392814636230469e+01 1.601999999999999957e+01
1.564764976501464844e+01 1.458999999999999986e+01
1.472658443450927734e+01 1.452999999999999936e+01
1.455125045776367188e+01 1.474000000000000021e+01
1.478982639312744141e+01 1.612999900000000153e+01
1.592086029052734375e+01 1.611000100000000046e+01
1.612900733947753906e+01 1.350000000000000000e+01
1.386362743377685547e+01 1.533000000000000007e+01
1.509468078613281250e+01 1.466999999999999993e+01
1.479118537902832031e+01 1.486999999999999922e+01
1.487743568420410156e+01 1.646999900000000139e+01
1.616882324218750000e+01 1.621999900000000139e+01
1.626313972473144531e+01 1.563000000000000078e+01
1.568393802642822266e+01 1.555000000000000071e+01
1.555084419250488281e+01 1.458999999999999986e+01
1.468983459472656250e+01 1.496000000000000085e+01
1.492887401580810547e+01 1.455000000000000071e+01
1.462075042724609375e+01 1.319999999999999929e+01
1.340783786773681641e+01 1.246000000000000085e+01
1.267970180511474609e+01 1.191999999999999993e+01
1.219039344787597656e+01 1.224000000000000021e+01
1.233451461791992188e+01 1.263000000000000078e+01
1.264964103698730469e+01 1.275999999999999979e+01
1.276478290557861328e+01 1.303999999999999915e+01
1.300721359252929688e+01 1.296000000000000085e+01
1.297526359558105469e+01 1.333000000000000007e+01
1.330294418334960938e+01 1.378999999999999915e+01
1.374784469604492188e+01 1.264000000000000057e+01
1.281640529632568359e+01 1.214000000000000057e+01
1.234075736999511719e+01 1.122000000000000064e+01
1.164500236511230469e+01 1.249000000000000021e+01
1.247123718261718750e+01 1.291000000000000014e+01
1.287950992584228516e+01 1.239000000000000057e+01
1.242899322509765625e+01 1.165000000000000036e+01
1.184390354156494141e+01 1.198000000000000043e+01
1.204620742797851562e+01 1.292999999999999972e+01
1.284199714660644531e+01 1.251999999999999957e+01
1.252621459960937500e+01 1.292999999999999972e+01
1.286075973510742188e+01 1.357000000000000028e+01
1.346845340728759766e+01 1.315000000000000036e+01
1.315389060974121094e+01 1.259999999999999964e+01
1.268256759643554688e+01 1.365000000000000036e+01
1.357131862640380859e+01 1.351999999999999957e+01
1.354426193237304688e+01 1.372000000000000064e+01
1.369904804229736328e+01 1.373000000000000043e+01
1.374666976928710938e+01 1.416999999999999993e+01
1.414386558532714844e+01 1.333999999999999986e+01
1.346789264678955078e+01 1.341999999999999993e+01
1.348669147491455078e+01 1.341999999999999993e+01
1.351315689086914062e+01 1.341999999999999993e+01
1.349432754516601562e+01 1.330000000000000071e+01
1.338101482391357422e+01 1.351999999999999957e+01
1.356628990173339844e+01 1.225999999999999979e+01
1.253403568267822266e+01 1.274000000000000021e+01
1.281430625915527344e+01 1.241999999999999993e+01
1.258564567565917969e+01 1.238000000000000078e+01
1.249419403076171875e+01 1.240000000000000036e+01
1.249486351013183594e+01 1.321000000000000085e+01
1.316765975952148438e+01 1.248000000000000043e+01
1.258911037445068359e+01 1.251999999999999957e+01
1.257518100738525391e+01 1.183000000000000007e+01
1.205067062377929688e+01 1.175000000000000000e+01
1.191543197631835938e+01 1.208000000000000007e+01
1.214627170562744141e+01 1.157000000000000028e+01
1.173879432678222656e+01 1.051999999999999957e+01
1.099167060852050781e+01 1.035999999999999943e+01
1.078770828247070312e+01 1.099000000000000021e+01
1.113559150695800781e+01 1.109999999999999964e+01
1.119414329528808594e+01 1.051999999999999957e+01
1.078655433654785156e+01 1.097000000000000064e+01
1.104036521911621094e+01 1.023000000000000043e+01
1.059387969970703125e+01 1.044999999999999929e+01
1.067369747161865234e+01 1.076999999999999957e+01
1.087831020355224609e+01 1.033000000000000007e+01
1.059720706939697266e+01 1.081000000000000050e+01
1.087500381469726562e+01 1.083999999999999986e+01
1.091041946411132812e+01 1.094999999999999929e+01
1.097714328765869141e+01 1.127999999999999936e+01
1.121843910217285156e+01 1.144999999999999929e+01
1.135988903045654297e+01 1.249000000000000021e+01
1.219502830505371094e+01 1.226999999999999957e+01
1.207714653015136719e+01 1.167999999999999972e+01
1.164780902862548828e+01 1.140000000000000036e+01
1.146543693542480469e+01 1.203999999999999915e+01
1.195616626739501953e+01 1.176999999999999957e+01
1.176852798461914062e+01 1.158000000000000007e+01
1.160876560211181641e+01 1.251999999999999957e+01
1.235881519317626953e+01 1.217999999999999972e+01
1.212550449371337891e+01 1.213000000000000078e+01
1.208078575134277344e+01 1.105000000000000071e+01
1.132724571228027344e+01 1.108000000000000007e+01
1.126666831970214844e+01 1.147000000000000064e+01
1.153356742858886719e+01 1.148000000000000043e+01
1.151882648468017578e+01 1.115000000000000036e+01
1.126582241058349609e+01 1.146000000000000085e+01
1.147028446197509766e+01 1.178999999999999915e+01
1.173470973968505859e+01 1.165000000000000036e+01
1.163487625122070312e+01 1.196000000000000085e+01
1.187784576416015625e+01 1.208000000000000007e+01
1.200293540954589844e+01 1.269999999999999929e+01
1.253085708618164062e+01 1.239000000000000057e+01
1.232857608795166016e+01 1.227999999999999936e+01
1.225334358215332031e+01 1.215000000000000036e+01
1.217612266540527344e+01 1.183999999999999986e+01
1.193438625335693359e+01 1.235999999999999943e+01
1.232778358459472656e+01 1.328999999999999915e+01
1.313132190704345703e+01 1.215000000000000036e+01
1.222702980041503906e+01 1.224000000000000021e+01
1.225765895843505859e+01 1.258000000000000007e+01
1.258046722412109375e+01 1.268999999999999950e+01
1.267555332183837891e+01 1.294999999999999929e+01
1.290068817138671875e+01 1.314000000000000057e+01
1.309091472625732422e+01 1.332000000000000028e+01
1.327268886566162109e+01 1.363000000000000078e+01
1.357311344146728516e+01 1.457000000000000028e+01
1.440957450866699219e+01 1.567999999999999972e+01
1.539313316345214844e+01 1.632000000000000028e+01
1.608767318725585938e+01 1.612000099999999847e+01
1.607520484924316406e+01 1.444999999999999929e+01
1.457289695739746094e+01 1.491000000000000014e+01
1.484967327117919922e+01 1.375000000000000000e+01
1.389506340026855469e+01 1.405000000000000071e+01
1.406050014495849609e+01 1.398000000000000043e+01
1.404988479614257812e+01 1.384999999999999964e+01
1.391051292419433594e+01 1.452999999999999936e+01
1.450724029541015625e+01 1.511999999999999922e+01
1.508935546875000000e+01 1.531000000000000050e+01
1.533075618743896484e+01 1.686000100000000046e+01
1.653590011596679688e+01 1.486999999999999922e+01
1.511347007751464844e+01 1.491000000000000014e+01
1.490678882598876953e+01 1.461999999999999922e+01
1.469690418243408203e+01 1.538000000000000078e+01
1.532021331787109375e+01 1.441000000000000014e+01
1.456264209747314453e+01 1.692000000000000171e+01
1.630689811706542969e+01 1.496000000000000085e+01
1.518732261657714844e+01 1.655999900000000125e+01
1.625968551635742188e+01 1.773999999999999844e+01
1.740662574768066406e+01 1.452999999999999936e+01
1.494399642944335938e+01 1.331000000000000050e+01
1.340587043762207031e+01 1.130000000000000071e+01
1.190390396118164062e+01 1.198000000000000043e+01
1.202113056182861328e+01 1.261999999999999922e+01
1.255926227569580078e+01 1.233000000000000007e+01
1.232092094421386719e+01 1.315000000000000036e+01
1.298904132843017578e+01 1.367999999999999972e+01
1.353941631317138672e+01 1.410999999999999943e+01
1.396718788146972656e+01 1.408999999999999986e+01
1.403312492370605469e+01 1.401999999999999957e+01
1.401029968261718750e+01 1.364000000000000057e+01
1.370642566680908203e+01 1.449000000000000021e+01
1.442828559875488281e+01 1.375000000000000000e+01
1.387895393371582031e+01 1.341999999999999993e+01
1.351513481140136719e+01 1.406000000000000050e+01
1.407617378234863281e+01 1.426999999999999957e+01
1.431099796295166016e+01 1.360999999999999943e+01
1.373342132568359375e+01 1.314000000000000057e+01
1.327842140197753906e+01 1.328999999999999915e+01
1.338026618957519531e+01 1.349000000000000021e+01
1.356091308593750000e+01 1.315000000000000036e+01
1.326177120208740234e+01 1.239000000000000057e+01
1.259788322448730469e+01 1.280000000000000071e+01
1.288267993927001953e+01 1.249000000000000021e+01
1.264302253723144531e+01 1.269999999999999929e+01
1.276982307434082031e+01 1.240000000000000036e+01
1.252611255645751953e+01 1.225999999999999979e+01
1.237952518463134766e+01 1.193999999999999950e+01
1.210752296447753906e+01 1.292999999999999972e+01
1.288109016418457031e+01 1.250000000000000000e+01
1.256731796264648438e+01 1.203999999999999915e+01
1.215870094299316406e+01 1.208000000000000007e+01
1.217581939697265625e+01 1.149000000000000021e+01
1.171724033355712891e+01 1.157000000000000028e+01
1.170298385620117188e+01 1.239000000000000057e+01
1.233731460571289062e+01 1.314000000000000057e+01
1.299389076232910156e+01 1.117999999999999972e+01
1.152731704711914062e+01 1.176999999999999957e+01
1.180012607574462891e+01 1.109999999999999964e+01
1.137218856811523438e+01 1.126999999999999957e+01
1.140197944641113281e+01 1.151999999999999957e+01
1.157094192504882812e+01 1.142999999999999972e+01
1.148585700988769531e+01 1.150999999999999979e+01
1.152893638610839844e+01 1.200000000000000000e+01
1.191248512268066406e+01 1.159999999999999964e+01
1.162451362609863281e+01 1.173000000000000043e+01
1.171231269836425781e+01 1.121000000000000085e+01
1.135330772399902344e+01 1.178999999999999915e+01
1.174839973449707031e+01 1.166000000000000014e+01
1.167237472534179688e+01 1.202999999999999936e+01
1.194380760192871094e+01 1.282000000000000028e+01
1.262905120849609375e+01 1.324000000000000021e+01
1.304695129394531250e+01 1.324000000000000021e+01
1.309468078613281250e+01 1.343999999999999950e+01
1.331271648406982422e+01 1.406000000000000050e+01
1.390412330627441406e+01 1.465000000000000036e+01
1.448046493530273438e+01 1.435999999999999943e+01
1.433191680908203125e+01 1.383000000000000007e+01
1.388689041137695312e+01 1.317999999999999972e+01
1.331955337524414062e+01 1.247000000000000064e+01
1.269253921508789062e+01 1.242999999999999972e+01
1.259382343292236328e+01 1.283999999999999986e+01
1.290293788909912109e+01 1.256000000000000050e+01
1.265412330627441406e+01 1.318999999999999950e+01
1.316002368927001953e+01 1.323000000000000043e+01
1.323934841156005859e+01 1.349000000000000021e+01
1.346813106536865234e+01 1.358000000000000007e+01
1.358940982818603516e+01 1.408999999999999986e+01
1.406225204467773438e+01 1.398000000000000043e+01
1.403140830993652344e+01 1.408000000000000007e+01
